ABCD1234ABCD1234
ABCD123400000200
00000000001FFE00
0000010200000000
0000000007FF0800
AAAA5555AA5555AA
0000000000000000
0002030400000000
0001400000000000
0004000000040000
0002000000030000
0101040100000000
0000000000000800
ABCD08010064000E
0001000000000001
0002000000000002
0003000000000003
0004000000000004
0005000000000005
0006000000000006
0007000000000007
0008000000000008
0009000000000009
0010000000000010
0011000000000011
0012000000000012
0013000000000013
0014000000000014
0015000000000015
0016000000000016
0017000000000017
0018000000000018
0019000000000019
0020000000000020
0021000000000021
0022000000000022
0023000000000023
0024000000000024
0025000000000025
0026000000000026
0027000000000027
0028000000000028
0029000000000029
0030000000000030
0031000000000031
0032000000000032
0033000000000033
0034000000000034
0035000000000035
0036000000000036
0037000000000037
0038000000000038
0039000000000039
0040000000000040
0041000000000041
0042000000000042
0043000000000043
0044000000000044
0045000000000045
0046000000000046
0047000000000047
0048000000000048
0049000000000049
0050000000000050
0051000000000051
0052000000000052
0053000000000053
0054000000000054
0055000000000055
0056000000000056
0057000000000057
0058000000000058
0059000000000059
0060000000000060
0061000000000061
0062000000000062
0063000000000063
0064000000000064
0065000000000065
0066000000000066
0067000000000067
0068000000000068
0069000000000069
0070000000000070
0071000000000071
0072000000000072
0073000000000073
0074000000000074
0075000000000075
0076000000000076
0077000000000077
0078000000000078
0079000000000079
0080000000000080
0081000000000081
0082000000000082
0083000000000083
0084000000000084
0085000000000085
0086000000000086
0087000000000087
0088000000000088
0089000000000089
0090000000000090
0091000000000091
0092000000000092
0093000000000093
0094000000000094
0095000000000095
0096000000000096
0097000000000097
0098000000000098
0099000000000099
00A00000000000A0
00A10000000000A1
00A20000000000A2
00A30000000000A3
00A40000000000A4
00A50000000000A5
00A60000000000A6
00A70000000000A7
00A80000000000A8
00A90000000000A9
00B00000000000B0
00B10000000000B1
00B20000000000B2
00B30000000000B3
00B40000000000B4
00B50000000000B5
00B60000000000B6
00B70000000000B7
00B80000000000B8
00B90000000000B9
00C00000000000C0
00C10000000000C1
00C20000000000C2
00C30000000000C3
00C40000000000C4
00C50000000000C5
00C60000000000C6
00C70000000000C7
00C80000000000C8
0000000000000011
0000000000000022
0000000000000033
0000000000000044
0000000000000000
0000000000000000
000100C800040800
0000000300000401
0000100000001000
0000100000001000
0000000500004004
0000000000000000
0000000000000000
0000000000000000
0000000000000000
0000000000000000
0000000000000000
0000000000000000
0000000000000000
0000000000000000
0000000000000000
0000000000000000
0000000000000000
0000000000000000
0000000000000000
0000000000000000
0000000000000000
0000000000000000
0000000000000000
0000000000000000
0000000000000000
0000000000000000
0000000000000000
0000000000000000
0000000000000000
0000000000000000
0000000000000000
0000000000000000
0000000000000000
0000000000000000
0000000000000000
0000000000000000
0000000000000000
0000000000000000
0000000000000000
0000000000000000
0000000000000000
0000000000000000
0000000000000000
0000000000000000
0000000000000000
0000000000000000
0000000000000000
0000000000000000
0000000000000000
0000000000000000
0000000000000000
0000000000000000
0000000000000000
0000000000000000
0000000000000000
0000000000000000
0000000000000000
0000000000000000
0000000000000000
0000000000000000
0000000000000000
0000000000000000
0000000000000000
0000000000000000
0000000000000000
0000000000000000
0000000000000000
0000000000000000
0000000000000000
0000000000000000
0000000000000000
0000000000000000
0000000000000000
0000000000000000
0000000000000000
0000000000000000
0000000000000000
0000000000000000
0000000000000000
0000000000000000
0000000000000000
0000000000000000
0000000000000000
0000000000000000
0000000000000000
0000000000000000
0000000000000000
0000000000000000
0000000000000000
0000000000000000
0000000000000000
0000000000000000
0000000000000000
0000000000000000
0000000000000000
0000000000000000
0000000000000000
0000000000000000
0000000000000000
0000000000000000
0000000000000000
0000000000000000
0000000000000000
0000000000000000
0000000000000000
0000000000000000
0000000000000000
0000000000000000
1A2B3C4D5678ABCD
5678ABCD5678ABCD